8696
9299
4861
2497
5908
7223
2711
3347
8936
3185
8241
6047
7802
4537
9011
4522
3333
7456
8800
9894
4988
4548
8460
2697
8890
8827
7780
4264
9336
8102
8267
7608
2331
7631
6029
5513
4243
8603
4647
8245
5518
4386
8573
8464
4818
8647
8981
9860
7126
9627
2793
4538
6550
2669
6106
2169
7608
9137
3493
8721
5117
5795
2631
7713
3025
4513
4211
4232
3703
7302
4792
8387
2772
5346
3774
7394
3397
2451
8196
3668
9143
3865
6008
9546
2929
7794
9148
7569
4241
6913
5014
2548
4391
5876
3397
3626
8335
3184
3562
9768
2610
6087
9911
4325
5935
6310
9947
4221
5779
2666
8295
5901
5738
8268
8271
2085
9414
6044
2756
4968
5429
9072
2614
9923
3657
8064
3865
9996
4839
7473
6430
5851
7344
7359
9450
9214
7219
9557
5933
6030
4913
4351
7553
6786
9765
8518
5588
9993
5928
5183
9948
7645
4751
8272
6895
8240
4974
7721
3141
4468
5377
4746
8971
7522
8272
2194
2305
5147
5041
7732
5059
2653
2953
6587
7487
5484
3149
6594
3977
8095
3771
5185
8173
8934
2610
5503
3593
9855
6603
3096
8312
8032
3253
8861
6919
2435
4519
6795
8142
4833
5947
6159
9530
4415
6138
6307
3117
8119
3540
3973
5413
3910
8358
4660
5493
2287
6866
6560
8325
8432
2009
6024
3262
4971
6871
8301
7547
4833
7743
8548
8275
6743
7443
2737
7416
3910
8444
5560
7962
9911
3985
9421
4775
6597
7760
8551
8400
4635
4289
2568
4443
2703
5454
7102
4069
5799
9844
8135
2309
9677
3230
4092
5030
6625
8418
4036
2096
4402
5289
4939
7242
7436
9244
2989
3495
8854
7144
4243
8490
3096
9036
8111
9903
6294
8247
6780
7680
6729
6755
2309
5619
2645
9252
5480
7242
5529
8806
8090
3251
6501
2764
6251
2188
6720
8369
3037
9794
3615
9698
9896
6298
8585
5888
7404
5005
5702
9143
3198
4525
9029
5666
6611
7899
5883
5116
9047
3323
9045
9016
7810
4414
9477
4470
5136
2848
9897
6778
4847
3771
7579
6868
3612
8735
6228
6064
4144
5740
3851
6363
3648
6895
9387
3910
8942
7967
7742
5467
9509
7548
3029
6972
3157
9876
3064
8506